46 10
44 5
33 20
30 10
30 10
30 16
27 10
22 5
20 5
19 12
17 8
17 16
16 19
16 16
16 19
15 5
15 12
14 0
14 16
13 10
13 16
12 16
12 10
11 19
11 19
11 10
11 12
10 12
10 5
10 20
10 20
10 12
10 16
10 10
9 12
9 10
9 12
9 0
9 10
9 16
9 16
9 10
9 16
9 10
9 12
8 10
8 5
8 12
8 20
8 0
8 19
8 20
8 10
8 16
7 20
7 19
7 19
7 5
7 0
7 16
7 19
7 10
7 16
7 19
7 10
7 10
7 16
7 16
7 19
7 5
7 20
6 16
6 16
6 16
6 10
6 10
6 8
6 19
6 2
6 16
6 0
6 16
6 10
6 10
6 16
6 10
6 0
5 5
5 8
5 10
5 16
5 16
5 16
5 16
5 19
5 10
5 8
5 0
5 8
5 19
5 19
5 10
5 8
5 12
5 16
5 10
5 20
5 12
5 16
5 12
5 16
5 16
5 16
5 19
5 8
5 19
5 0
5 19
4 16
4 16
4 12
4 10
4 19
4 20
4 16
4 5
4 16
4 8
4 20
4 8
4 12
4 20
4 19
4 20
4 6
4 5
4 16
4 20
4 16
4 8
4 12
4 19
4 12
4 12
4 8
4 8
4 20
4 19
4 16
4 16
4 19
4 8
4 5
4 2
4 16
4 19
4 16
4 10
4 12
4 16
4 12
4 10
4 10
4 16
4 5
4 10
4 16
4 16
4 0
4 20
4 19
4 5
4 20
4 16
4 16
3 12
3 12
3 12
3 12
3 12
3 0
3 8
3 16
3 16
3 20
3 16
3 16
3 20
3 16
3 5
3 19
3 16
3 16
3 16
3 19
3 12
3 10
3 10
3 5
3 12
3 12
3 12
3 20
3 10
3 10
3 20
3 19
3 0
3 10
3 12
3 0
3 8
3 0
3 10
3 12
3 5
3 10
3 12
3 5
3 0
3 5
3 19
3 8
3 5
3 19
3 16
3 8
3 16
3 20
3 8
3 16
3 10
3 16
3 8
3 10
3 16
3 16 
3 2
3 19
3 19
3 16 
3 16
3 16
3 20
3 16
3 16
3 8 
3 20
3 8
3 19
3 16
3 12
3 10
3 16
3 10
3 20
3 20
3 0
3 19
3 16
3 10
3 0
3 16
3 19
3 19
2 16
2 19
2 0
2 20
2 12
2 19
2 5
2 10
2 0
2 12
2 10
2 20
2 10
2 16
2 16
2 19
2 10
2 8
2 0
2 16
2 12
2 12
2 10
2 12
2 12
2 0
2 16
2 0
2 12
2 8
2 5
2 12
2 5
2 16
2 10
2 19
2 16
2 16
2 0
2 0
2 16
2 10
2 19
2 0
2 0
2 10
2 10
2 8
2 5
2 16
2 16
2 10
2 16
2 16
2 12
2 20
2 20
2 19
2 19
2 16
2 16
2 16
2 19
2 12
2 8
2 20
2 8
2 10
2 0
2 20
2 19
2 16
2 0
2 8
2 12
2 12
2 12
2 12
2 10
2 16
2 0
2 12
2 19
2 16
2 5
2 12
2 5 
2 19
2 16
2 10
2 10
2 16
2 20
2 10
2 10
2 19
2 12
2 16
2 12
2 10
2 12
2 16
2 16
2 19
2 20
2 19
2 12
2 16
2 0 
2 12
2 20
2 5
2 19
2 12
2 20
2 16
2 10
2 16
2 12
2 16
2 8
2 12
2 16
2 19
2 19
2 16
2 0
2 16
2 16
2 19  
2 16
2 16
2 20
2 5
2 20
2 8
2 10
2 16
2 19
2 19
2 16
2 16
2 5
2 10
2 8
2 16
2 20
2 12
2 19
2 20
2 16
2 16
2 16
2 19
2 16
2 20
2 20
2 10
2 5
2 16
2 8
2 16
2 20
1 19
1 19
1 10
1 19
1 8
1 19
1 16
1 19
1 8
1 10
1 0
1 19
1 0 
1 12
1 20
1 16
1 16
1 8
1 5
1 0
1 8
1 5
1 16
1 19
1 20
1 19
1 19
1 8 
1 12
1 20
1 10
1 16
1 16
1 16
1 0
1 10
1 12
1 10
1 5
1 8
1 0
1 8
1 8
1 10
1 12
1 20
1 20
1 12
1 16
1 16
1 20
1 12
1 16
1 10
1 0
1 12
1 16
1 8
1 12
1 20
1 16
1 19
1 20
1 19  
1 10
1 5
1 12
1 16
1 20
1 16
1 0
1 8 
1 10
1 12
1 16
1 19
1 10
1 0 
1 19
1 19
1 8
1 8
1 10
1 0
1 10
1 0
1 16
1 0
1 16
1 16
1 19
1 8 
1 16
1 5
1 16
1 12
1 0 
1 5
1 16
1 12
1 12
1 12
1 16
1 16
1 19
1 16
1 0
1 16
1 16
1 19
1 20
1 10
1 16
1 19
1 12
1 5
1 8
1 20
1 16
1 12
1 12
1 16
1 16
1 12
1 12
1 8
1 8
1 8
1 16
1 12
1 0
1 12
1 19
1 5
1 16
1 10
1 10
1 12
1 20
1 19
1 0
1 10
1 0
1 10
1 5
1 5
1 19
1 19
1 5
1 16
1 12
1 0
1 5
1 12
1 19
1 5
1 10
1 20
1 5
1 16
1 12
1 19
1 16
1 20
1 5
1 5
1 20
1 16
1 12
1 8
1 0
1 12
1 12
1 8
1 8
1 10
1 0
1 19
1 0
1 19
1 16
1 16
1 16
1 16
1 12
1 12
1 10
1 5
1 20
1 5
1 16
1 5
1 19
1 16
1 12
1 5
1 12
1 0
1 10
1 8
1 20
1 16
1 10
1 12
1 12
1 8
1 19
1 5
1 20
1 16
1 16
1 19
1 19
1 19
1 5
1 8
1 12
1 8
1 16
1 12
1 16
1 19
1 19
1 19
1 20
1 12
1 10
1 0
1 20
1 0
1 20
1 16
1 16
1 12
1 16
1 16
1 20
1 10
1 12
1 5
1 8
1 5
1 12
1 12
1 12
1 10
1 19
1 12
1 16
1 0
1 12
1 10
1 16
1 16